CMC.last.data.updation.excel=

BTC.bought.average=677468.920240257
BTC.total.tx.fees.btc=0.00027658
BTC.total.amount=0.0286360